SPX_Equities,RMZ_REITs,LUATTRUU_Fixed_Income,XAU_Gold,cash
0.1455788014381825,0.12656720665656745,0.606701895936892,0.12115209596835803,0.0
0.14559547904781686,0.12658170628456464,0.6067714001317671,0.12105141453585139,0.0
0.14722952476099918,0.1323603991564201,0.603451706838393,0.11695836924418784,0.0
0.15050018314045577,0.1277572565020473,0.6031215586594293,0.11862100169806769,0.0
0.14940555327900054,0.12558703880285893,0.6077286228380179,0.11727878508012272,0.0
0.14621001948216222,0.1240254693638949,0.6136375477899423,0.11612696336400065,0.0
0.15406077049695058,0.13007846699990352,0.6004187717672121,0.11544199073593359,0.0
0.15456127739876613,0.1315458698163101,0.604213235777717,0.10967961700720663,0.0
0.15454059347420987,0.13129649417071218,0.6044407557913652,0.10972215656371276,0.0
0.15355257590915478,0.12953097364612415,0.609008617340191,0.10790783310453006,0.0
0.16004198721854518,0.1363012452689359,0.590245670680132,0.11341109683238698,0.0
0.16197460353857965,0.13574280455586915,0.5842084535555409,0.11807413835001034,0.0
0.16349425524588626,0.13238906146449858,0.5605991150724382,0.14351756821717696,0.0
0.1624729586706157,0.13566425089509454,0.5587880648664129,0.14307472556787693,0.0
0.15746718706728036,0.1339589905764676,0.5599866171996516,0.14858720515660043,0.0
0.1574892430599128,0.1339777538411466,0.5600650529736896,0.14846795012525105,0.0
0.15797737228715886,0.13306830016659388,0.5606798816586167,0.14827444588763056,0.0
0.16306654468869972,0.1357720773833637,0.5533935073870611,0.14776787054087553,0.0
0.19678764439646598,0.15393286090975875,0.5137596222013325,0.13551987249244268,0.0
0.19724415916659974,0.1524267379512348,0.5148760050340244,0.13545309784814116,0.0
0.19895611822398987,0.15793285159914777,0.5079762387877844,0.13513479138907802,0.0
0.19583937547500757,0.15080014210762374,0.524931040435741,0.12842944198162765,0.0
0.19745856868304013,0.15166983765097122,0.5222297818342336,0.1286418118317551,0.0
0.19793043432788923,0.15038235461155225,0.5247403522584483,0.12694685880211024,0.0
0.20097336371841412,0.15108344705717275,0.5335022012652775,0.1144409879591356,0.0
0.1994864249242519,0.15367266092986812,0.5269986915187721,0.11984222262710784,0.0
0.19822989423293083,0.15137047924694166,0.5284109276537544,0.12198869886637313,0.0
0.20711661018395186,0.1511468215759142,0.5183924457787131,0.12334412246142085,0.0
0.20935249668541206,0.15147395953835713,0.5154679842711363,0.12370555950509454,0.0
0.21443732290346154,0.1489620328016518,0.5107839606947612,0.1258166836001255,0.0
0.2159923263958527,0.14954140690461287,0.5071725971486698,0.1272936695508646,0.0
0.21310368008588368,0.150500433214271,0.5051807417987705,0.13121514490107478,0.0
0.23093852377474552,0.13755810518167425,0.4962654828741052,0.1352378881694751,0.0
0.21843153539966287,0.17392978646717763,0.4784351318959744,0.12920354623718502,0.0
0.21705007883127367,0.17799621769178067,0.47587941639945586,0.12907428707748975,0.0
0.21671977834220377,0.1808184912050588,0.4741608005487003,0.12830092990403724,0.0
0.22017010968771136,0.18050211891465237,0.46984721231151716,0.12948055908611913,0.0
0.22521980950220338,0.18325164053031484,0.4646361701461788,0.12689237982130303,0.0
0.22494580370033415,0.1860566736776488,0.46403272778924676,0.12496479483277026,0.0
0.2344602685181904,0.18325758283901972,0.45449509276121686,0.1277870558815731,0.0
0.22743832437363443,0.1771271844389223,0.4647971281465555,0.1306373630408878,0.0
0.2250952281858676,0.18325647880274404,0.4620134233837824,0.12963486962760595,0.0
0.2250513727493465,0.1772019049939369,0.46982674683917675,0.1279199754175399,0.0
0.2231554730731213,0.17234993914933597,0.4747807098012915,0.1297138779762512,0.0
0.22999001377402697,0.16077490356584936,0.4753200105265452,0.13391507213357845,0.0
0.2242498712581304,0.1605501862066025,0.48013809255952145,0.13506184997574566,0.0
0.2168456912483733,0.16322377144989794,0.4805244768349976,0.13940606046673115,0.0
0.22628587866182417,0.16089862423233145,0.4770004743343746,0.1358150227714698,0.0
0.2234177531493051,0.15755942857366836,0.48607710519374664,0.13294571308327993,0.0
0.21956425845155692,0.15727847636342795,0.491954854827534,0.13120241035748123,0.0
0.2197837288776399,0.15743568762570076,0.492446599441908,0.13033398405475138,0.0
0.2252853209863349,0.14680037144522334,0.49971905786375925,0.12819524970468255,0.0
0.22471273500203215,0.14447144682601398,0.50239311434849,0.128422703823464,0.0
0.22500098081123085,0.13910454089209637,0.5040848824445061,0.1318095958521667,0.0
0.22244430179493604,0.13744537536206766,0.4889756335752245,0.15113468926777177,0.0
0.22359210337001412,0.13475542858898948,0.49462487516332426,0.1470275928776722,0.0
0.22227917000017688,0.1333410164893572,0.4929197612427848,0.15146005226768122,0.0
0.22685076923056352,0.13586774647082467,0.48359523985241487,0.15368624444619697,0.0
0.228110631898985,0.13464438592177208,0.4870150589293352,0.15022992324990753,0.0
0.23511657970395994,0.14492927797138394,0.5270035003251619,0.0929506419994943,0.0
0.23309354288322462,0.14602420909732264,0.5290543313384168,0.09182791668103592,0.0
0.23853605892885782,0.15020544509612277,0.5201444633428217,0.09111403263219758,0.0
0.23774653347599847,0.15001040812432817,0.520143713437592,0.09209934496208137,0.0
0.2512748116156881,0.14010581625638713,0.5256153646320658,0.08300400749585875,0.0
0.2491454857543915,0.13652206505893652,0.5300475753382878,0.0842848738483841,0.0
0.21461258899256652,0.1415064737531108,0.5553590728446878,0.08852186440963482,0.0
0.20642391578233923,0.1391051629984843,0.5667724474292959,0.08769847378988069,0.0
0.1942119061811645,0.13836623400286316,0.578027590899291,0.08939426891668131,0.0
0.19452444609610461,0.1380716789587183,0.5778911540548616,0.0895127208903156,0.0
0.19094644139165867,0.13808808094477412,0.5831009632374234,0.08786451442614365,0.0
0.18758543561376015,0.1342575854923762,0.5948053817071408,0.08335159718672266,0.0
0.18821904372346135,0.13323959157410034,0.5954941248061926,0.0830472398962458,0.0
0.17512215756886648,0.12827392473767768,0.6077179690013662,0.08888594869208963,0.0
0.2046892579473402,0.1523284473681267,0.5437350122505034,0.09924728243402978,0.0
0.1974795044281338,0.15656435264460422,0.5503782260248027,0.09557791690245934,0.0
0.2011785736528751,0.15568962034518327,0.54768632987867,0.09544547612327153,0.0
0.20533147888639436,0.155891284197664,0.5462192745633997,0.09255796235254186,0.0
0.20541567104446934,0.15595149657427895,0.5460493083978021,0.09258352398344961,0.0
0.2091737462851825,0.15661809698329804,0.5397036498281319,0.09450450690338762,0.0
0.20792150997058853,0.15676580114977776,0.5410425892283179,0.09427009965131578,0.0
0.2139279637342692,0.16148092092220398,0.526455491897474,0.09813562344605274,0.0
0.20698221832298466,0.164667120442567,0.5269024038530357,0.10144825738141265,0.0
0.2069389702411111,0.16743897759951157,0.5248403379869205,0.10078171417245674,0.0
0.20508907586267516,0.17598031949073564,0.5193926203473265,0.09953798429926264,0.0
0.20500450898309722,0.1758696803858507,0.5196103393694221,0.09951547126162996,0.0
0.19409936534641875,0.17414083383693785,0.5338417030042703,0.09791809781237319,0.0
0.19569673824826828,0.17676631713422514,0.5283091606081283,0.09922778400937839,0.0
0.18993955794757092,0.1732037865532249,0.5397995408104505,0.09705711468875372,0.0
0.19021057899093127,0.1781698256476571,0.5329437106448524,0.09867588471655916,0.0
0.18541756122650702,0.168865022572897,0.5075536156118564,0.13816380058873956,0.0
0.1841275209593117,0.16678050523003768,0.5070620409539793,0.1420299328566712,0.0
0.18263528624552727,0.16458854089896904,0.5127496138416752,0.14002655901382846,0.0
0.1809130722618994,0.1648645295460505,0.5145365229485843,0.13968587524346585,0.0
0.18574488648541368,0.16932587095276136,0.511034285575692,0.1338949569861329,0.0
0.1829375482750536,0.16927329410432354,0.5157379797278319,0.13205117789279103,0.0
0.19748856938188403,0.1739435423906934,0.4953218421131422,0.13324604611428037,0.0
0.20887157256050018,0.18252791932472553,0.4695981602512725,0.13900234786350185,0.0
0.21362829874834724,0.18130581316737157,0.4656704815543834,0.13939540652989768,0.0
0.21319210225596902,0.18092441218233468,0.46428119874969953,0.1416022868119967,0.0
0.20293717465495842,0.1765826187407066,0.475152967428365,0.14532723917596999,0.0
0.19050333779684525,0.1616691557486493,0.49923981062517314,0.14858769582933243,0.0
0.18890606041709376,0.1577839082531087,0.5012559976686435,0.15205403366115408,0.0
0.1906708223167747,0.16270933240370886,0.4963270029919516,0.15029284228756487,0.0
0.1617522190401996,0.14532252896524336,0.5504680609190423,0.14245719107551466,0.0
0.16358753611952453,0.14459969198501266,0.5472105521604651,0.14460221973499776,0.0
0.16315451356690588,0.14542028631794265,0.5473431953017003,0.1440820048134512,0.0
0.16515137075434505,0.1369644010133902,0.55268292149819,0.1452013067340747,0.0
0.15514383732810325,0.13829896563542202,0.5574549788137452,0.14910221822272954,0.0
0.14956718836973687,0.13315192068398451,0.5741650840630973,0.14311580688318132,0.0
0.14816059584971922,0.13297520931337153,0.5733884427017227,0.14547575213518651,0.0
0.14579969662555448,0.12600007804516863,0.5849741524399235,0.14322607288935352,0.0
0.14667067521086247,0.13112299055436982,0.579889544268618,0.14231678996614963,0.0
0.14541748242432892,0.13063273694921934,0.5790936537993655,0.1448561268270863,0.0
0.14476850349524956,0.12776400226292245,0.580612025480688,0.14685546876113997,0.0
0.14631145532057213,0.12314802087236335,0.581559174481124,0.14898134932594045,0.0
0.14474816114805608,0.12123867200673424,0.5693412994132822,0.1646718674319275,0.0
0.14203923671764662,0.12060647602034992,0.5771308305452213,0.16022345671678226,0.0
0.14180004641506944,0.11968022238040703,0.5736737135649472,0.16484601763957632,0.0
0.14126886855256912,0.11912674810817363,0.5754058803843295,0.1641985029549277,0.0
0.1371395064103524,0.11680929488017465,0.5862811171087521,0.15977008160072084,0.0
0.13659367736714415,0.11671674039318253,0.5869715352135131,0.15971804702616033,0.0
0.13834483079636622,0.11725505645854169,0.5811003216031484,0.1632997911419437,0.0
0.14076565468913743,0.11786093332862395,0.5772305844407724,0.1641428275414663,0.0
0.12766254700688268,0.10783551605785463,0.5952083171753798,0.16929361975988294,0.0
0.1195249496073011,0.10650504377478627,0.5837676544815705,0.19020235213634207,0.0
0.11658322240995911,0.10443210101235273,0.5882236055617985,0.19076107101588965,0.0
0.09988619902406241,0.08947535855150424,0.6434361250658522,0.1672023173585812,0.0
0.09994092914840401,0.08892921922532733,0.6445479109641604,0.16658194066210816,0.0
0.10465323410603244,0.09328071320305495,0.6639950570275229,0.1380709956633897,0.0
0.10684116453776471,0.0957274763818548,0.6645742550180329,0.13285710406234766,0.0
0.1089657031383755,0.10379811850331967,0.653077869241604,0.13415830911670076,0.0
0.1086961588424269,0.10576387144065375,0.6577700309717611,0.12776993874515824,0.0
0.1134708253986333,0.10703815943782814,0.6468829776358838,0.13260803752765477,0.0
0.11408360410734093,0.10317344549203028,0.6520938509592663,0.1306490994413625,0.0
0.11608477957752042,0.10216916752171955,0.6535694752422586,0.12817657765850135,0.0
0.1153351657076063,0.10126707467172211,0.6567407040747174,0.12665705554595422,0.0
0.11347042112954613,0.10222584158185061,0.658987013128086,0.12531672416051717,0.0
0.12625595093608366,0.08938009121792607,0.6791146608468033,0.10524929699918696,0.0
0.1254282080487136,0.08797323468634072,0.6860548717587833,0.10054368550616238,0.0
0.12578820663610976,0.08780997059242285,0.6860005778926092,0.10040124487885826,0.0
0.12400214804552179,0.09057238824303775,0.6867149080189976,0.09871055569244289,0.0
0.11284662508348307,0.08324665333327781,0.7021000452842033,0.1018066762990358,0.0
0.12529577516480048,0.09236524866213143,0.6753128153122321,0.107026160860836,0.0
0.1329868064591058,0.09871055765024406,0.6565598875641415,0.11174274832650848,0.0
0.1351992978738499,0.10508867878456306,0.6464203851125673,0.11329163822901969,0.0
0.14481972063387122,0.10600585638808153,0.6412675786907531,0.10790684428729419,0.0
0.14816972577153678,0.10530452067878567,0.6370036465309643,0.10952210701871329,0.0
0.1486487209996602,0.10635551829888187,0.6352896991998248,0.10970606150163306,0.0
0.14865213130245908,0.10635795830993136,0.6353042740325223,0.10968563635508721,0.0
0.1407922133100547,0.10202965900239452,0.6478180037233514,0.1093601239641993,0.0
0.15117715059462744,0.105035264094089,0.6204363981900882,0.1233511871211953,0.0
0.150928320511198,0.10361189009101551,0.6251176080336325,0.12034218136415395,0.0
0.14762304047901978,0.10882499208957129,0.6423366643765174,0.10121530305489154,0.0
0.14796840535574646,0.10866580654610988,0.640903993488651,0.10246179460949262,0.0
0.15411746522708414,0.10789551461425026,0.636572831277903,0.10141418888076252,0.0
0.15849468373892586,0.11093605106240491,0.6263617542057706,0.10420751099289875,0.0
0.15905761965115084,0.10635105262402107,0.6281442247040364,0.10644710302079166,0.0
0.14867657134330195,0.1091479819734473,0.6257721521488876,0.1164032945343631,0.0
0.14854157100100468,0.10841014687098803,0.6260364498626749,0.11701183226533239,0.0
0.14729914161311067,0.10590106623894059,0.6280551992505259,0.11874459289742276,0.0
0.14726129992275985,0.10565787204095684,0.6285013021284397,0.11857952590784354,0.0
0.14645686279035666,0.10502989675175417,0.6292531463952393,0.1192600940626499,0.0
0.14446590161612982,0.10145496465379521,0.632997851780927,0.12108128194914797,0.0
0.14439794140428985,0.10317959193543182,0.6285608405619924,0.12386162609828592,0.0
0.14565298241936958,0.10390806536330077,0.623085219026099,0.12735373319123075,0.0
0.14363170885965773,0.10192072678733158,0.6248241126280218,0.12962345172498888,0.0
0.14190043126782048,0.10331474770164549,0.624329094805203,0.13045572622533103,0.0
0.14273736357379244,0.10836913165870667,0.6144430657483226,0.13445043901917833,0.0
0.14377797539395662,0.11000013107545295,0.6097331083935389,0.1364887851370515,0.0
0.1438742103177959,0.10961231600530076,0.6099645277452819,0.13654894593162142,0.0
0.1435324527754099,0.11086110901969105,0.6085709277498903,0.13703551045500875,0.0
0.1485947421188216,0.11581426511391651,0.6012195601724003,0.1343714325948617,0.0
0.13446868672163248,0.11217190245035434,0.6274333331045221,0.12592607772349107,0.0
0.13207497283106198,0.11111057850003163,0.6319838006819968,0.1248306479869096,0.0
0.13048919012604035,0.10991643746028014,0.6362207397422907,0.12337363267138882,0.0
0.13037510779167374,0.1100133020246968,0.6350051262173484,0.124606463966281,0.0
0.12875037780713755,0.11327676890478704,0.6304173384288384,0.12755551485923694,0.0
0.12887486616601634,0.11357053757338512,0.6305331818753918,0.12702141438520673,0.0
0.12750628478388104,0.11370773568465153,0.6315736122893048,0.12721236724216275,0.0
0.13027427573200837,0.11571897110224508,0.6275213064415867,0.1264854467241599,0.0
0.12169960838754743,0.11431342966617167,0.6518840369508674,0.11210292499541351,0.0
0.12048269621251045,0.11338501230905917,0.6552644900310232,0.11086780144740715,0.0
0.1165120169756578,0.10893149208893235,0.6500035854080897,0.12455290552732011,0.0
0.12379591057004719,0.11488617815020098,0.6290916261880444,0.13222628509170745,0.0
0.12595563603506682,0.11717165660538773,0.6267659536799526,0.130106753679593,0.0
0.1240405587741378,0.11652434924944023,0.6310911832650101,0.1283439087114117,0.0
0.12316621705759584,0.12023484671202697,0.6294039083309664,0.12719502789941087,0.0
0.12476628399970278,0.1231129495400711,0.6349830368443752,0.11713772961585096,0.0
0.12327647418894097,0.12368943126828118,0.6294387026813417,0.12359539186143606,0.0
0.1239559901177712,0.1269045425738239,0.6260172722470694,0.1231221950613356,0.0
0.12484730758640453,0.12802395666334257,0.623151926082574,0.12397680966767897,0.0
0.12428686502575159,0.12475846178925999,0.6295638409147286,0.12139083227025987,0.0
0.12492139931772384,0.13981744107535898,0.6185302974548514,0.11673086215206568,0.0
0.12250223066289546,0.13696408621672593,0.6268809616532462,0.11365272146713226,0.0
0.11625812752327046,0.1337993818101618,0.6399497811612889,0.1099927095052789,0.0
0.11748348208518519,0.13892418368416945,0.6343447872857635,0.10924754694488191,0.0
0.11903889160461878,0.13836894854732176,0.6341172609342873,0.10847489891377222,0.0
0.12058115969212523,0.14051805348339177,0.6288397041943666,0.1100610826301164,0.0
0.1217091626660871,0.14077323786723228,0.6253591382990003,0.11215846116768043,0.0
0.12154744222811316,0.13966431436258153,0.6264259686882893,0.112362274721016,0.0
0.12354341272229993,0.1342494304748399,0.6303033512826381,0.11190380552022211,0.0
0.12307082648011371,0.13529113400192463,0.6268112681184338,0.11482677139952781,0.0
0.13335673081467997,0.14057904821191589,0.5998890785665292,0.126175142406875,0.0
0.13030455152326437,0.13595700872983443,0.6114727729276258,0.1222656668192754,0.0
0.12828458329709572,0.13476906490537327,0.6142832039361578,0.12266314786137325,0.0
0.1262569488919566,0.13496045296331263,0.6153979235591843,0.12338467458554643,0.0
0.1309927534917194,0.13107972658845204,0.6234223138874344,0.11450520603239424,0.0
0.12388218132559324,0.13122109728134237,0.6286307314039687,0.11626598998909571,0.0
0.13513847412928937,0.1490611956228598,0.5807570412835845,0.13504328896426637,0.0
0.1329761473388402,0.14952319985307336,0.577362352225834,0.1401383005822524,0.0
0.13521715014554347,0.16728080949427884,0.5393225145692111,0.15817952579096659,0.0
0.1380216326116348,0.17031161264416733,0.5302656105484927,0.16140114419570503,0.0
0.13736801238465585,0.17073659642299402,0.531818187737551,0.16007720345479923,0.0
0.13414989151116416,0.17320999024363143,0.5418219583458653,0.15081815989933897,0.0
0.13208442166788162,0.17388768720676961,0.5367245044086361,0.1573033867167127,0.0
0.1300785375275714,0.18298171502932406,0.522747390103675,0.16419235733942963,0.0
0.12952409923271566,0.18440259145757446,0.52059212901284,0.16548118029686995,0.0
0.12921867090133485,0.17923571322357046,0.5176102847895552,0.17393533108553952,0.0
0.1298243044307663,0.179613945612095,0.5170946976260681,0.17346705233107065,0.0
0.1342311282066536,0.17448523555052745,0.5111630719146065,0.18012056432821244,0.0
0.13434063438398078,0.16931645239679255,0.5161787514006693,0.18016416181855738,0.0
0.1332039331606096,0.17335261378800457,0.5007734361068052,0.19267001694458058,0.0
0.13372089483012367,0.17401352373708312,0.4961649161876539,0.19610066524513933,0.0
0.13451699291769872,0.173686788164945,0.4951496228883359,0.19664659602902038,0.0
0.13849725250287567,0.18302506712429706,0.47513614101796664,0.2033415393548607,0.0
0.13926476063789833,0.1843513522671852,0.4785486839870228,0.19783520310789374,0.0
0.14280328313944077,0.18901856046446222,0.47178646095252263,0.1963916954435744,0.0
0.1446468529603887,0.18868922514007833,0.46923870359669845,0.19742521830283444,0.0
0.14412474480096635,0.19511588207324013,0.4681327418021182,0.19262663132367527,0.0
0.1436789674784947,0.19709368925191062,0.4629793454519159,0.19624799781767877,0.0
0.1410333986268618,0.20854039249332887,0.4555723077042404,0.1948539011755691,0.0
0.1435434658153669,0.20821722988369157,0.4588184827912567,0.18942082150968487,0.0
0.14402062953356812,0.2070922343786304,0.4591911489337788,0.18969598715402253,0.0
0.1448139086707454,0.20977334969317749,0.4642591233166101,0.18115361831946697,0.0
0.15391262585035423,0.2216264962311938,0.4439402778512688,0.1805206000671833,0.0
0.15651906596327986,0.22309527239765842,0.4444724047931547,0.17591325684590706,0.0
0.15341525999978153,0.2167100664082571,0.43904554600374157,0.19082912758821974,0.0
0.16460783695923084,0.2206243397690282,0.4254508404738059,0.189316982797935,0.0
0.17839546055846414,0.22039881325766864,0.432862164547444,0.16834356163642325,0.0
0.1800887449827277,0.2204317396583574,0.4319881599380528,0.16749135542086208,0.0
0.18053677336929108,0.21862137474789903,0.4327153753207473,0.16812647656206248,0.0
0.17772053808821311,0.21741128051567288,0.44435387681169713,0.16051430458441682,0.0
0.1735864373261965,0.21886349119032908,0.4424845900109087,0.16506548147256578,0.0
0.17854715363131435,0.22791645862829624,0.4494361529090127,0.14410023483137657,0.0
0.18196716675458013,0.2209429762639746,0.45191305721591707,0.14517679976552822,0.0
0.22731655592809782,0.2076527608980832,0.43712754998593334,0.12790313318788557,0.0
0.22730187961889614,0.20763935414857002,0.4370993275845425,0.12795943864799134,0.0
0.23057082383304695,0.1950332153939659,0.44388386318339074,0.1305120975895965,0.0
0.2307648612628101,0.1942074196019276,0.4452883256479606,0.12973939348730182,0.0
0.16452209581985405,0.22880187996900633,0.4677523708618329,0.13892365334930667,0.0
0.1609712389643945,0.2580011631493936,0.4639057063117517,0.1171218915744602,0.0
0.1593984810506354,0.2649735135273743,0.45986193630672595,0.11576606911526437,0.0
0.1585105924723845,0.2627768108286022,0.4639327512915045,0.11477984540750863,0.0
0.16127812409347417,0.23450923386031827,0.4861222727820488,0.11809036926415876,0.0
0.16111262792675876,0.2327841361643768,0.4874982517541646,0.11860498415469986,0.0
0.1640443500173571,0.23777726326540516,0.4744497368530547,0.12372864986418303,0.0
0.14803837297313935,0.20922599141446857,0.5250217012807846,0.11771393433160746,0.0
0.15331032659195362,0.21609896247406749,0.5083211585047301,0.12226955242924864,0.0
0.15349847467423122,0.21831365808607608,0.50748224451346,0.12070562272623274,0.0
0.15312576687558277,0.21765362457106124,0.508924242266302,0.12029636628705391,0.0
0.15396921437888775,0.2168642152775114,0.5094297254791899,0.11973684486441093,0.0
0.1576010313982631,0.1997920198572012,0.5197208814017417,0.12288606734279407,0.0
0.15884947429227622,0.19731609680146123,0.5205332747416253,0.12330115416463727,0.0
0.16483989984952135,0.1712469753668575,0.535228933551051,0.1286841912325702,0.0
0.1553950720560133,0.16149362699096154,0.5593417144610118,0.12376958649201344,0.0
0.1583615748181935,0.15831949085852282,0.5608616669126589,0.12245726741062475,0.0
0.15980713719752018,0.15942049054942042,0.5590378700980094,0.12173450215505006,0.0
0.1616407828669041,0.16160991024465124,0.5547002698653096,0.12204903702313526,0.0
0.1564078202420633,0.14943711994362932,0.567839597493658,0.12631546232064944,0.0
0.15676487718822088,0.15345739175173623,0.5609268101428736,0.12885092091716918,0.0
0.15346747725724788,0.15477072628192587,0.5668442869295832,0.12491750953124299,0.0
0.15122437996118382,0.1544707300405836,0.5679343155176949,0.1263705744805377,0.0
0.1539214637305779,0.15200952673704973,0.5696904496553671,0.1243785598770053,0.0
0.14698908502773375,0.14463119387889264,0.5725561699027933,0.13582355119058032,0.0
0.1474751641014193,0.14236997768428294,0.5735747072642663,0.13658015095003156,0.0
0.14829034819659806,0.13930106914293627,0.5752329836114048,0.13717559904906082,0.0
0.14803755644247585,0.13867083494709967,0.575852316361379,0.1374392922490455,0.0
0.14779924549316883,0.1449162442658534,0.5695859160033728,0.13769859423760486,0.0
0.15377375894837825,0.15017017095901256,0.5551316019873449,0.14092446810526424,0.0
0.17405011211252128,0.14221738500246928,0.5553994716630132,0.12833303122199644,0.0
0.17076340304617033,0.13844116904516762,0.5408374504659427,0.14995797744271935,0.0
0.1694285006889278,0.13891200737108966,0.5426799218087968,0.14897957013118565,0.0
0.16125361299977706,0.14161935878913762,0.5485224169470105,0.14860461126407473,0.0
0.1609961590274121,0.14369056122009824,0.5439078824953356,0.15140539725715393,0.0
0.1620412216324384,0.1452211234642782,0.5410333553015851,0.15170429960169826,0.0
0.157174681786536,0.14076400635623926,0.5595114777960716,0.14254983406115315,0.0
0.1770242599647244,0.14307592439819633,0.5050869983855677,0.17481281725151152,0.0
0.15499578921277524,0.12622090617751916,0.568395211523108,0.1503880930865976,0.0
0.1481603899718921,0.12307851627133441,0.5849560411209623,0.1438050526358112,0.0
0.1464807862788736,0.12988621061808345,0.5726160970207941,0.15101690608224885,0.0
0.1575160789839156,0.140624567586692,0.5356583020788338,0.1662010513505586,0.0
0.15681936384911857,0.13714247449224815,0.5378745723723118,0.16816358928632155,0.0
0.14163230323926548,0.14390321069337025,0.5505969267431349,0.1638675593242293,0.0
0.13853794226618468,0.1619500109061109,0.5392830448774526,0.1602290019502517,0.0
0.138160119394059,0.16152953791581756,0.5392036695517888,0.1611066731383346,0.0
0.13939014681466483,0.15996930051221822,0.5406553926505205,0.1599851600225964,0.0
0.1330353205699716,0.1585711428275697,0.5540666399282406,0.154326896674218,0.0
0.1307990552830241,0.15637765029678707,0.560056141620335,0.15276715279985384,0.0
0.13429515241377127,0.1792284336500952,0.539207578852635,0.14726883508349853,0.0
0.13787449279487896,0.17369995342640432,0.5380295758399594,0.15039597793875728,0.0
0.14006702310843683,0.1709802943458054,0.5205809274232748,0.1683717551224831,0.0
0.14083279240475907,0.17068068435638678,0.5202530432330662,0.16823348000578803,0.0
0.1421697908845343,0.1723010442996565,0.5155147728367805,0.1700143919790286,0.0
0.1421798220997818,0.17231320151570065,0.5155511465250121,0.16995582985950541,0.0
0.14628638695682655,0.1682860474994762,0.5178702150033946,0.16755735054030257,0.0
0.13822686444841514,0.17536545141885704,0.5178693440521484,0.1685383400805794,0.0
0.1402877117958185,0.17813069821202682,0.5397118886121309,0.1418697013800238,0.0
0.14137937544004503,0.1746011015632661,0.5401980753624428,0.14382144763424598,0.0
0.13490764380475467,0.16707225142138218,0.5603097333694512,0.13771037140441178,0.0
0.1379817751844069,0.16698145663675057,0.5558730309012927,0.1391637372775497,0.0
0.14067493717948235,0.17405455135882267,0.560546212214047,0.12472429924764791,0.0
0.12909204718165693,0.1899588726335666,0.542774781330138,0.13817429885463833,0.0
0.1305956924598918,0.17977726875299002,0.5505774150248961,0.13904962376222205,0.0
0.13046811846434697,0.18099155851972623,0.5502116451230648,0.13832867789286218,0.0
0.1301954926986145,0.1805228782469135,0.5507368455688774,0.1385447834855946,0.0
0.12970045910364555,0.18135637034817192,0.5486999673112862,0.14024320323689635,0.0
0.12971262839727488,0.1812781567308459,0.5488033006775278,0.14020591419435133,0.0
0.1300435940370367,0.18214227475237982,0.5470600972660434,0.14075403394454009,0.0
0.13092562993059834,0.16081298989466375,0.5598361680325102,0.14842521214222767,0.0
0.1326350421024538,0.15828155540817218,0.5654732957475139,0.14361010674186026,0.0
0.12373664482388397,0.1434522985417338,0.5981855463034821,0.13462551033090017,0.0
0.12182472487244977,0.15040877183653317,0.5940259169300454,0.13374058636097186,0.0
0.12628525991853395,0.14720104819301924,0.5910098372323973,0.13550385465604944,0.0
0.11534793957855874,0.14084489505729778,0.6072157466734329,0.13659141869071065,0.0
0.11801882680016046,0.14151308402930343,0.6010842653041715,0.13938382386636466,0.0
0.11791939010542368,0.1428988219859863,0.5987853507186212,0.14039643718996883,0.0
0.121194670609986,0.14346045944256836,0.5897353968131539,0.14560947313429176,0.0
0.11773450493473855,0.14134748025291272,0.6012813608464196,0.1396366539659292,0.0
0.11335704446714541,0.1366700727402231,0.6145790040868939,0.13539387870573757,0.0
0.10784603709299133,0.1335479034992625,0.6297528704257369,0.1288531889820092,0.0
0.10888806266599775,0.13482707473071798,0.6265565177188406,0.1297283448844438,0.0
0.10861558449966088,0.13377887267496474,0.6282822585901443,0.12932328423522993,0.0
0.1073220676186648,0.1342583334183283,0.6364098985410366,0.12200970042197043,0.0
0.10714598111494326,0.13339520392402104,0.637513405505293,0.1219454094557428,0.0
0.10526782399936839,0.13667428251697322,0.6382623482080957,0.11979554527556267,0.0
0.10636019514275649,0.13430134534633742,0.6416423291425212,0.11769613036838493,0.0
0.10542102138037122,0.13279380052621872,0.6240072929619205,0.1377778851314896,0.0
0.105354928602906,0.13219872579952335,0.6238076432208288,0.13863870237674186,0.0
0.10647815803545674,0.1334627250200091,0.6280426473149148,0.1320164696296194,0.0
0.10386457617092099,0.13158899121142117,0.635353144449314,0.12919328816834383,0.0
0.09787599797665003,0.11831470672662206,0.6409954423703571,0.14281385292637094,0.0
0.09791187771193469,0.09716427150967535,0.6890157083317124,0.11590814244667756,0.0
0.09859177608408154,0.09716438671126078,0.691561566295603,0.11268227090905474,0.0
0.09798309828984629,0.0972264542425117,0.6927948853854354,0.1119955620822066,0.0
0.09881182797077191,0.09799367547157295,0.6927678217130543,0.1104266748446008,0.0
0.10020248582521958,0.10085189289882024,0.6853890083482463,0.11355661292771384,0.0
0.1055937414317345,0.10581751161302501,0.6689727534304416,0.11961599352479886,0.0
0.10305564534590848,0.10045967058852683,0.6827070225043381,0.11377766156122662,0.0
0.11211430774700272,0.12868985595880975,0.6483576930749808,0.11083814321920682,0.0
0.11177904057184782,0.13192243863386838,0.6439961805020505,0.11230234029223336,0.0
0.11157590967728556,0.13446394288455993,0.6425356948257841,0.11142445261237041,0.0
0.11162964504479554,0.14046051493287615,0.6293157522234963,0.11859408779883195,0.0
0.11807476353228784,0.1484633795492966,0.6181767025779258,0.1152851543404898,0.0
0.1319497815039979,0.1614755334869966,0.5874317727198808,0.11914291228912484,0.0
0.13087102761188582,0.14241386852679302,0.6134110207842842,0.11330408307703689,0.0
0.12743720471205464,0.14745733751638945,0.6095205744447882,0.11558488332676767,0.0
0.1274255289768368,0.14744382754626215,0.6094647304638007,0.11566591301310025,0.0
0.13565536532666086,0.1489316378583404,0.5888828326836139,0.12653016413138496,0.0
0.13543574509396147,0.14953921008853238,0.5880803753496172,0.1269446694678888,0.0
0.1354391410918326,0.14954295972522363,0.588095121232998,0.12692277794994575,0.0
0.13218173569625347,0.14268784674691526,0.5999663199817208,0.12516409757511066,0.0
0.13896364420489205,0.1515462280701229,0.5817160407381434,0.12777408698684156,0.0
0.13214941926644377,0.14262576222044596,0.5879294713358924,0.1372953471772179,0.0
0.13318593966724523,0.14343483376170071,0.5847221785530681,0.13865704801798592,0.0
0.13254734622717407,0.14307398004402744,0.584021885827706,0.14035678790109252,0.0
0.11919464200262178,0.14053553482250297,0.6071453116858136,0.1331245114890616,0.0
0.1192006941882153,0.1405426706058313,0.6071761398845215,0.13308049532143185,0.0
0.10779139460608932,0.14792326013504825,0.5984135497815105,0.1458717954773519,0.0
0.11027182560218311,0.15134042214446689,0.5943719657139757,0.1440157865393744,0.0
0.10932227101292785,0.1521732786213978,0.5962345644217957,0.14226988594387865,0.0
0.10824651784665555,0.1561445653230032,0.5934966788453894,0.14211223798495182,0.0
0.10695978239635974,0.15456109240908833,0.5973355779207687,0.14114354727378323,0.0
0.10712290152242443,0.15553829838705435,0.5967104322935558,0.1406283677969655,0.0
0.10890890542277287,0.157957430459858,0.5944215392477206,0.13871212486964854,0.0
0.10926021238290791,0.158366316225947,0.5903394230995377,0.14203404829160737,0.0
0.1101237854552449,0.1602555937385042,0.5947582235931888,0.1348623972130622,0.0
0.1092447969892393,0.16059782483290114,0.5986793970074181,0.13147798117044143,0.0
0.10879421433457137,0.16875234907551848,0.5902273380312436,0.13222609855866654,0.0
0.10896482120152529,0.1676024633549859,0.5921725269527077,0.13126018849078114,0.0
0.10931782614030013,0.16861090542730492,0.5909511116909554,0.1311201567414397,0.0
0.11088870727402923,0.16948153668002974,0.589954470426021,0.12967528561992003,0.0
0.11150550066813732,0.1648653350653689,0.5978267637583583,0.12580240050813546,0.0
0.10928557222219214,0.16363187124463766,0.5933957260095646,0.13368683052360572,0.0
0.11168997016734235,0.16350018287420018,0.5913990985085544,0.133410748449903,0.0
0.10824963792798495,0.18262590877005483,0.5692057857330636,0.1399186675688968,0.0
0.10893095099467309,0.1788196858680704,0.5753168863863805,0.13693247675087605,0.0
0.10900611631703323,0.17894307632055315,0.5757138707037815,0.13633693665863214,0.0
0.10969305496408926,0.17670786353611725,0.5760046202866782,0.1375944612131152,0.0
0.11025864089916355,0.1760791195251884,0.5782235383868185,0.1354387011888295,0.0
0.11132940672882856,0.17811217839972537,0.5832451228477444,0.12731329202370176,0.0
0.1237430619913412,0.20192924220603853,0.5369541422403475,0.1373735535622727,0.0
0.12067156983562177,0.1959814339282465,0.5491615671892026,0.13418542904692907,0.0
0.12605877998001425,0.21223725020972117,0.5304662225220727,0.1312377472881919,0.0
0.12543103619999676,0.21365200335560056,0.5297964822075186,0.13112047823688405,0.0
0.12531549836103126,0.21485690427969273,0.5303576151401308,0.12946998221914527,0.0
0.1364473644878834,0.2050964955311624,0.5256509701292019,0.1328051698517523,0.0
0.13920489801885794,0.19473947311209797,0.5339497729050829,0.13210585596396113,0.0
0.18816481782791442,0.18976607617737437,0.5076987279380839,0.1143703780566273,0.0
0.1814791172920167,0.1802986202164311,0.5162140770289253,0.12200818546262689,0.0
0.18331658282012914,0.18177005195825957,0.5120394344082628,0.12287393081334852,0.0
0.1586593011870372,0.19039593944616542,0.5217708664836428,0.1291738928831546,0.0
0.1496504669969696,0.1945373480004555,0.5224463717970603,0.13336581320551463,0.0
0.15405553168228375,0.19689545375872522,0.510780939951494,0.1382680746074969,0.0
0.15412880286893058,0.1915341972500015,0.5139652012139632,0.1403717986671048,0.0
0.15323955112497664,0.17814440809397605,0.5273924703123049,0.14122357046874245,0.0
0.15430373855875487,0.17239574476321673,0.52219772608944,0.15110279058858841,0.0
0.152193140168238,0.17023102073349333,0.520059628043759,0.15751621105450966,0.0
0.15504893871606393,0.17354000139393425,0.52943274288074,0.14197831700926178,0.0
0.15860546164850314,0.17028907651356018,0.5265834426118444,0.14452201922609237,0.0
0.1603730072654716,0.17100848580165146,0.5247568492754121,0.14386165765746484,0.0
0.16219595161612874,0.17299902139525575,0.5136278607696997,0.15117716621891583,0.0
0.164853160105574,0.17796332915270974,0.524002390649898,0.1331811200918183,0.0
0.16320294880992622,0.173091050277099,0.5316284713764551,0.13207752953651958,0.0
0.1616062418747208,0.17278690271144298,0.5358410293773084,0.12976582603652795,0.0
0.1615971179894237,0.17277714759392465,0.5358107771294198,0.1298149572872317,0.0
0.1576938423904989,0.16727336608492438,0.5429008944916104,0.13213189703296627,0.0
0.14507356446085096,0.1700497261812244,0.5768417464549828,0.108034962902942,0.0
0.14669102131084089,0.16850913018574717,0.5768258779032405,0.10797397060017157,0.0
0.1431877989813603,0.1591631925647725,0.588262314663083,0.10938669379078432,0.0
0.14270203345253893,0.15878271614172015,0.5864749819123097,0.11204026849343117,0.0
0.12185438260509361,0.13770475842117805,0.6458700747276324,0.09457078424609598,0.0
0.11685301217029434,0.12662380731784342,0.6510248526713721,0.10549832784048997,0.0
0.11657964928471394,0.124896257466255,0.6582546712111297,0.1002694220379013,0.0
0.11051733542107547,0.1232376933266485,0.667620467084966,0.09862450416731007,0.0
0.11144589317330546,0.12326227518542039,0.6681822620403725,0.0971095696009017,0.0
0.11148467966242794,0.12638031909236594,0.6625875454518004,0.09954745579340572,0.0
0.11080293946381284,0.12859094242683536,0.6609705118019247,0.09963560630742718,0.0
0.11265792893680364,0.12754572525567898,0.6620337818085336,0.09776256399898384,0.0
0.11312197704372193,0.12619328615737466,0.6615850116585,0.09909972514040334,0.0
0.11098224495139143,0.12465941312880122,0.6638996382480987,0.1004587036717086,0.0
0.11885576704527225,0.12482978761883301,0.65604585512956,0.1002685902063346,0.0
0.12566346003034193,0.12480719331613825,0.6479823384555398,0.10154700819797999,0.0
0.12698306777465954,0.1271925883004669,0.6419027803967045,0.1039215635281692,0.0
0.1265802682310539,0.1276339850733264,0.6425472518405813,0.10323849485503846,0.0
0.12721593766505818,0.1314274005077067,0.6388600963663003,0.10249656546093479,0.0
0.1269769805615388,0.13154751015673222,0.639181805371105,0.10229370391062392,0.0
0.12906964793075285,0.13284635604458123,0.6360004819642036,0.10208351406046245,0.0
0.1285413752908163,0.1323757943549471,0.6342045057027846,0.10487832465145203,0.0
0.12499421308145467,0.13037581512946217,0.6414682079635663,0.10316176382551685,0.0
0.12444033172009497,0.1301537487032459,0.6419542617480811,0.10345165782857804,0.0
0.11989886498877439,0.12675727507080098,0.6531959931754135,0.10014786676501103,0.0
0.1188530390523325,0.12545793939889185,0.6486788595883622,0.10701016196041346,0.0
0.12041651282732609,0.1271819209788476,0.6450307567965531,0.10737080939727332,0.0
0.12401616886482651,0.12915641938152791,0.6366356609630968,0.11019175079054876,0.0
0.12407732955338345,0.13043778310979992,0.6340315089466788,0.11145337839013783,0.0
0.12150395378739749,0.13191719174508715,0.6363704378840586,0.11020841658345679,0.0
0.1231345000516232,0.12625721295097567,0.6069041391006449,0.14370414789675617,0.0
0.12236244559888428,0.12718418198832068,0.6071841682666196,0.14326920414617558,0.0
0.12474472350818154,0.13256289980973462,0.6005491808047175,0.14214319587736618,0.0
0.12381932649108014,0.1327722782222655,0.6016513963862674,0.14175699890038695,0.0
0.12196268586458776,0.13040459269411803,0.6059289082440271,0.1417038131972671,0.0
0.1390361764147033,0.15446421299762894,0.5765429431035021,0.12995666748416573,0.0
0.13765778213434235,0.1555199422103377,0.5643510934302657,0.14247118222505423,0.0
0.14905371323855496,0.1552766723417038,0.5442257209286102,0.151443893491131,0.0
0.14495553996755564,0.15122022202144245,0.5297960701687222,0.1740281678422796,0.0
0.14295176627415013,0.15110597062316866,0.5324782795308824,0.17346398357179876,0.0
0.14031120546394926,0.1528696522290346,0.5311319240573614,0.17568721824965478,0.0
0.14546213154148527,0.15966052065134365,0.5548955208193919,0.13998182698777922,0.0
0.13778230695457452,0.17395716035503875,0.5555597785783991,0.1327007541119876,0.0
0.154690127172481,0.15351737403976123,0.5516584930826609,0.1401340057050969,0.0
0.15848305363247236,0.16165663279337003,0.5565120667229382,0.12334824685121935,0.0
0.15103858879387702,0.15937997843191695,0.5716481867120009,0.11793324606220512,0.0
0.1434063283543644,0.1485193895847963,0.5980315264598713,0.110042755600968,0.0
0.14580268079972675,0.14401279292248262,0.5959246292091056,0.11425989706868508,0.0
0.14658126661128906,0.14572004706229919,0.5951710994677647,0.11252758685864701,0.0
0.14531711571467518,0.15698252519269604,0.5888921342774788,0.10880822481514998,0.0
0.1438910624901797,0.15696481320789915,0.5893174286884374,0.1098266956134838,0.0
0.15500947703655482,0.17090564312985426,0.6048237336543858,0.06926114617920505,0.0
0.1559791995819658,0.17160164676697634,0.6038103546693401,0.06860879898171779,0.0
0.15553621971538203,0.17009146353818688,0.6061136368717357,0.06825867987469535,0.0
0.131821708328679,0.1418649370419453,0.6824934949504121,0.04381985967896343,0.0
0.12642160212632764,0.13257479618507675,0.6963442800555373,0.04465932163305822,0.0
0.11931728384110234,0.12669954517409554,0.7092012602690141,0.04478191071578804,0.0
0.11526231567942176,0.12589261638112526,0.7153379869531427,0.04350708098631031,0.0
0.114142650201851,0.11812906354023606,0.7245709573072608,0.04315732895065207,0.0
0.11626484323153731,0.11902742371258734,0.721549428677534,0.04315830437834131,0.0
0.11790448648219136,0.11923234125622627,0.7198130721751672,0.04305010008641516,0.0
0.11726586241297358,0.11898655465182309,0.7213447150363341,0.04240286789886922,0.0
0.11428249118753861,0.1192240965944385,0.7238870511132955,0.04260636110472737,0.0
0.11476864377664167,0.1192563513670483,0.7238851157543574,0.04208988910195258,0.0
0.11685500120485119,0.11959823258600323,0.7225025181039407,0.04104424810520477,0.0
0.1173620774474779,0.11960172497365477,0.7217067742716727,0.041329423307194524,0.0
0.11706889642378869,0.11899624321663928,0.7228819277662951,0.041052932593276886,0.0
0.11706854779086871,0.1189958888440518,0.7228797750131304,0.04105578835194921,0.0
0.11600223867909866,0.11804908841590173,0.724915920560267,0.04103275234473266,0.0
0.11653594453133828,0.11561924352013135,0.7265877731367407,0.041257038811789645,0.0
